# time(s) volume
5.1548 0.0474
5.5031 0.0599
5.8514 0.0541
6.1997 0.0523
6.5480 0.0502
6.8731 0.0585
7.1982 0.0544
7.5465 0.0534
7.8948 0.0573
8.2431 0.0615
8.5914 0.0612
8.9397 0.0597
9.2880 0.0583
9.6131 0.1426
9.9614 0.1437
10.3097 0.1439
10.6580 0.2650
11.0063 0.2806
11.3546 0.2806
11.7029 0.2897
12.0512 0.2911
12.3995 0.2375
12.7245 0.2945
13.0728 0.3027
13.4211 0.3277
13.7694 0.3037
14.1177 0.3026
14.4660 0.3106
14.8143 0.3288
15.1626 0.3188
15.5109 0.2651
15.8592 0.2720
16.1843 0.3136
16.5326 0.2876
16.8809 0.3225
17.2292 0.3140
17.5775 0.3054
17.9026 0.3129
18.2509 0.2725
18.5992 0.2810
18.9475 0.3061
19.2958 0.2887
19.6441 0.2548
19.9692 0.2825
20.3175 0.3174
20.6658 0.3207
21.0141 0.2892
21.3624 0.2324
21.7107 0.3000
22.0590 0.2962
22.4073 0.2419
22.7323 0.3049
23.0806 0.2337
23.4289 0.2825
23.7772 0.2446
24.1255 0.2765
24.4738 0.3106
24.8221 0.3075
25.1704 0.2722
25.4955 0.2804
25.8438 0.2990
26.1921 0.3309
26.5404 0.2782
26.8655 0.2718
27.2138 0.3302
27.5621 0.2432
27.9104 0.2993
28.2587 0.2922
28.6070 0.3291
28.9321 0.3249
29.2804 0.3111
29.6287 0.2308
29.9770 0.2974
30.3253 0.2221
30.6736 0.2998
30.9986 0.2775
31.3469 0.3072
31.6952 0.3100
32.0435 0.2797
32.3918 0.2699
32.7401 0.3213
33.0884 0.3306
33.4367 0.2801
33.7618 0.3077
34.1101 0.2691
34.4584 0.2709
34.8067 0.3095
35.1550 0.2956
35.5033 0.3017
35.8516 0.2869
36.1999 0.2857
36.5482 0.2787
36.8733 0.3021
37.2216 0.2953
37.5699 0.2916
37.9182 0.2825
38.2665 0.2895
38.5916 0.2569
38.9399 0.2758
39.2882 0.2603
39.6365 0.2833
39.9848 0.3062
40.3331 0.2623
40.6814 0.2230
41.0297 0.3063
41.3780 0.2372
41.7030 0.2504
42.0513 0.2237
42.3996 0.2834
42.7479 0.2719
43.0962 0.2433
43.4213 0.2185
43.7696 0.2772
44.1179 0.2192
44.4662 0.2608
44.8145 0.2206
45.1628 0.2733
45.4879 0.2791
45.8362 0.2467
46.1845 0.2033
46.5328 0.2677
46.8811 0.3048
47.2294 0.2533
47.5777 0.2848
47.9260 0.2185
48.2743 0.2571
48.6226 0.2260
48.9477 0.2530
49.2960 0.2762
49.6443 0.2385
49.9926 0.2509
50.3176 0.2788
50.6659 0.2978
51.0142 0.2250
51.3625 0.2666
51.7108 0.2591
52.0591 0.2970
52.4074 0.2878
52.7557 0.2591
53.0808 0.2418
53.4291 0.2940
53.7774 0.2417
54.1257 0.3030
54.4740 0.2814
54.7991 0.3127
55.1474 0.2917
55.4957 0.3097
55.8440 0.2297
56.1691 0.3309
56.5174 0.2434
56.8657 0.2893
57.2140 0.2786
57.5623 0.3298
57.9106 0.2740
58.2589 0.3041
58.6072 0.2722
58.9555 0.3151
59.2805 0.2861
59.6288 0.2780
59.9771 0.2347
60.3254 0.3336
60.6737 0.2819
61.0220 0.2664
61.3703 0.2649
61.6954 0.2979
62.0437 0.2681
62.3920 0.2936
62.7403 0.2661
63.0654 0.2836
63.4137 0.2478
63.7620 0.2956
64.1103 0.2713
64.4586 0.2734
64.8069 0.2881
65.1552 0.2788
65.5035 0.2653
65.8518 0.2741
66.2001 0.2373
66.5252 0.2885
66.8735 0.2748
67.2218 0.2779
67.5701 0.2717
67.9184 0.2736
68.2667 0.2549
68.5917 0.3145
68.9400 0.2608
69.2883 0.2986
69.6366 0.2648
69.9849 0.2998
70.3332 0.2842
70.6815 0.2594
71.0298 0.2997
71.3549 0.3164
71.7032 0.3138
72.0515 0.3007
72.3766 0.2468
72.7249 0.3082
73.0732 0.3257
73.4215 0.2894
73.7698 0.3041
74.1181 0.2769
74.4664 0.3124
74.8147 0.2740
75.1630 0.2690
75.5113 0.2528
75.8364 0.2994
76.1847 0.2508
76.5330 0.2985
76.8813 0.3295
77.2296 0.3251
77.5779 0.3118
77.9029 0.2619
78.2512 0.3115
78.5995 0.3124
78.9478 0.2697
79.2961 0.3252
79.6444 0.2723
79.9927 0.3071
80.3410 0.2421
80.6893 0.2409
81.0144 0.2958
81.3627 0.2462
81.7110 0.2286
82.0593 0.3211
82.3844 0.3288
82.7095 0.3009
83.0578 0.2823
83.4061 0.2691
83.7544 0.3025
84.1259 0.3064
84.4742 0.2431
84.8225 0.2735
85.1476 0.2888
85.4959 0.3246
85.8442 0.2952
86.1925 0.3271
86.5408 0.3212
86.8891 0.2602
87.2141 0.2544
87.5392 0.2822
87.8875 0.2806
88.2358 0.2976
88.5841 0.2453
88.9324 0.2998
89.2807 0.3223
89.6290 0.2083
89.9773 0.2501
90.3256 0.2164
90.6739 0.3123
91.0222 0.3050
91.3705 0.2738
91.6956 0.2959
92.0439 0.3291
92.3922 0.3285
92.7405 0.3033
93.0888 0.2756
93.4371 0.3058
93.7854 0.2853
94.1337 0.2958
94.4820 0.2915
94.8071 0.2975
95.1554 0.3222
95.5037 0.2846
95.8520 0.2609
96.2003 0.2503
96.5254 0.2698
96.8737 0.2662
97.2220 0.2636
97.5702 0.2840
97.9185 0.2505
98.2668 0.2582
98.5919 0.2909
98.9402 0.3051
99.2885 0.2433
99.6368 0.3014
99.9851 0.2822
100.3334 0.3163
100.6817 0.3107
101.0300 0.2519
101.3783 0.2854
101.7034 0.3221
102.0517 0.2741
102.4000 0.3265
102.7251 0.3147
103.0734 0.2915
103.4217 0.3170
103.7700 0.2882
104.1183 0.2902
104.4666 0.3196
104.8149 0.2898
105.1632 0.2563
105.5115 0.2945
105.8366 0.2934
106.1849 0.3113
106.5332 0.2735
106.8815 0.2692
107.2298 0.3013
107.5548 0.3064
107.9031 0.2856
108.2514 0.2911
108.5997 0.2299
108.9480 0.2964
109.2963 0.2587
109.6446 0.2683
109.9929 0.3064
110.3412 0.2900
110.6895 0.2764
111.0146 0.2766
111.3397 0.2966
111.6880 0.3129
112.0363 0.2875
112.3846 0.2735
112.7329 0.3129
113.0812 0.2143
113.4295 0.2985
113.7778 0.2873
114.1261 0.3186
114.4512 0.3318
114.7995 0.3080
115.1478 0.2676
115.4961 0.2914
115.8444 0.1960
116.1927 0.2764
116.5177 0.2534
116.8660 0.2927
117.2143 0.3100
117.5626 0.2891
117.9109 0.2737
118.2592 0.2945
118.6075 0.3030
118.9558 0.3084
119.3041 0.3022
119.6524 0.2787
119.9775 0.2884
120.3258 0.2949
120.6741 0.2685
121.0224 0.2902
121.3475 0.2847
121.6958 0.2837
122.0441 0.2731
122.3924 0.3037
122.7407 0.2975
123.0890 0.2911
123.4373 0.2759
123.7856 0.2994
124.1339 0.2549
124.4822 0.2687
124.8073 0.2293
125.1556 0.2910
125.5039 0.3030
125.8522 0.2457
126.2005 0.2491
126.5255 0.2885
126.8738 0.2974
127.2221 0.2562
127.5704 0.3157
127.9187 0.2247
128.2670 0.2775
128.5921 0.1827
128.9404 0.2517
129.2887 0.2910
129.6370 0.2667
129.9853 0.2916
130.3336 0.3179
130.6587 0.3095
131.0070 0.2279
131.3553 0.2681
131.7036 0.2509
132.0519 0.2820
132.4002 0.2508
132.7253 0.2252
133.0736 0.2871
133.4219 0.2802
133.7702 0.2557
134.1185 0.2609
134.4668 0.2827
134.7918 0.2635
135.1401 0.2747
135.4884 0.2704
135.8367 0.2867
136.1850 0.2712
136.5333 0.2592
136.8816 0.2637
137.2299 0.2633
137.5550 0.2711
137.9033 0.2546
138.2516 0.2681
138.5999 0.2899
138.9482 0.2827
139.2965 0.2572
139.6448 0.2431
139.9931 0.2493
140.3182 0.3059
140.6665 0.2486
141.0148 0.2645
141.3631 0.2901
141.6882 0.3191
142.0365 0.2594
142.3848 0.2954
142.7331 0.2808
143.0814 0.2851
143.4297 0.2684
143.7780 0.2656
144.1030 0.2723
144.4513 0.2914
144.7996 0.2382
145.1479 0.2647
145.4962 0.2528
145.8445 0.2689
146.1928 0.2703
146.5411 0.2479
146.8662 0.2899
147.2145 0.2850
147.5628 0.2481
147.9111 0.2821
148.2594 0.2622
148.6077 0.2967
148.9560 0.2533
149.3043 0.2684
149.6294 0.2709
149.9777 0.2835
150.3260 0.2626
150.6743 0.2429
151.0226 0.3233
151.3709 0.3164
151.7192 0.2816
152.0675 0.2540
152.3926 0.2593
152.7409 0.3153
153.0892 0.3106
153.4375 0.2579
153.7858 0.2857
154.1108 0.3025
154.4591 0.2765
154.8074 0.2812
155.1557 0.2511
155.5040 0.2951
155.8523 0.3170
156.2006 0.2863
156.5257 0.2616
156.8740 0.3153
157.2223 0.2766
157.5706 0.2928
157.8957 0.2797
158.2440 0.3030
158.5923 0.3081
158.9406 0.2975
159.2889 0.2944
159.6372 0.2908
159.9855 0.2725
160.3338 0.3216
160.6821 0.2996
161.0072 0.3109
161.3555 0.2770
161.7038 0.3064
162.0521 0.3142
162.4004 0.3029
162.7487 0.2780
163.0970 0.2492
163.4453 0.2631
163.7703 0.2847
164.1186 0.3069
164.4669 0.2850
164.8152 0.2731
165.1635 0.3052
165.4886 0.2947
165.8369 0.2604
166.1852 0.2838
166.5335 0.2861
166.8818 0.3055
167.2301 0.2643
167.5552 0.2548
167.9035 0.3071
168.2286 0.2164
168.5537 0.3223
168.9020 0.3080
169.2502 0.2893
169.5985 0.2789
169.9701 0.2689
170.3184 0.2692
170.6667 0.3062
171.0150 0.2407
171.3633 0.2840
171.7116 0.2736
172.0599 0.3081
172.4082 0.2384
172.7565 0.2528
173.0815 0.3010
173.4298 0.3204
173.7781 0.3330
174.1264 0.2981
174.4747 0.2772
174.8230 0.3092
175.1481 0.2983
175.4964 0.2718
175.8447 0.3195
176.1930 0.2795
176.5413 0.2957
176.8896 0.2710
177.2147 0.2924
177.5630 0.2516
177.9113 0.3084
178.2596 0.2583
178.6079 0.2926
178.9330 0.3085
179.2813 0.3189
179.6296 0.2815
179.9779 0.2909
180.3262 0.3186
180.6745 0.3052
181.0228 0.2600
181.3478 0.3034
181.6961 0.2768
182.0444 0.2985
182.3927 0.2705
182.7410 0.2152
183.0893 0.2794
183.4376 0.2422
183.7859 0.2335
184.1342 0.2956
184.4593 0.3312
184.8076 0.3127
185.1559 0.2939
185.4810 0.2411
185.8293 0.3017
186.1776 0.3213
186.5259 0.2909
186.8742 0.1870
187.2225 0.2895
187.5708 0.2944
187.9191 0.3278
188.2674 0.3203
188.6157 0.3028
188.9640 0.2701
189.3123 0.2529
189.6374 0.2968
189.9857 0.3070
190.3340 0.2787
190.6823 0.2830
191.0073 0.3129
191.3556 0.3158
191.7039 0.2665
192.0522 0.2554
192.4005 0.2708
192.7256 0.3158
193.0739 0.3047
193.4222 0.2979
193.7705 0.3278
194.1188 0.3153
194.4671 0.3453
194.8154 0.3191
195.1405 0.3018
195.4888 0.3002
195.8371 0.2740
196.1854 0.2749
196.5337 0.2647
196.8820 0.3086
197.2303 0.2969
197.5786 0.2651
197.9269 0.1917
198.2520 0.3028
198.6003 0.2520
198.9486 0.2806
199.2969 0.2704
199.6452 0.2808
199.9935 0.2486
200.3185 0.2978
200.6668 0.2808
201.0151 0.2990
201.3634 0.2401
201.7117 0.3205
202.0600 0.2888
202.4083 0.2997
202.7334 0.2762
203.0817 0.2677
203.4300 0.3024
203.7783 0.2983
204.1266 0.3003
204.4749 0.2862
204.8232 0.2932
205.1483 0.3112
205.4966 0.3257
205.8449 0.2929
206.1932 0.2755
206.5415 0.3143
206.8898 0.2932
207.2381 0.2589
207.5632 0.2851
207.9115 0.3157
208.2598 0.3055
208.6081 0.3013
208.9564 0.2550
209.2815 0.2983
209.6298 0.3199
209.9780 0.2788
210.3263 0.2817
210.6746 0.2515
211.0229 0.2867
211.3712 0.2360
211.6963 0.2611
212.0446 0.3024
212.3929 0.2875
212.7412 0.2880
213.0895 0.2686
213.4146 0.3026
213.7629 0.3152
214.1112 0.2964
214.4595 0.2691
214.8078 0.3088
215.1561 0.2249
215.5044 0.3030
215.8295 0.3035
216.1778 0.3162
216.5261 0.3252
216.8744 0.3083
217.2227 0.2948
217.5710 0.3129
217.9193 0.2548
218.2676 0.2820
218.5927 0.3042
218.9410 0.3190
219.2893 0.3141
219.6376 0.3003
219.9859 0.2602
220.3341 0.3108
220.6592 0.2968
221.0075 0.2764
221.3558 0.3077
221.7041 0.2735
222.0524 0.2950
222.4007 0.3298
222.7490 0.3010
223.0973 0.2992
223.4224 0.2722
223.7707 0.2993
224.1190 0.2912
224.4673 0.3044
224.8156 0.2869
225.1639 0.2969
225.4890 0.2691
225.8373 0.3081
226.1856 0.2842
226.5339 0.2866
226.8822 0.2828
227.2305 0.2978
227.5556 0.3066
227.9039 0.2862
228.2522 0.2770
228.6005 0.2938
228.9488 0.2435
229.2971 0.2525
229.6454 0.2571
229.9704 0.3140
230.3187 0.3362
230.6670 0.2890
231.0153 0.3059
231.3636 0.3056
231.7119 0.2662
232.0602 0.2834
232.4085 0.2828
232.7336 0.2970
233.0819 0.2757
233.4302 0.2685
233.7785 0.2695
234.1268 0.3108
234.4751 0.2709
234.8234 0.2844
235.1485 0.2815
235.4968 0.2927
235.8451 0.3054
236.1702 0.2701
236.5185 0.2786
236.8668 0.3105
237.2151 0.2950
237.5634 0.3102
237.9117 0.2557
238.2600 0.2956
238.6083 0.3074
238.9566 0.2594
239.3049 0.2521
239.6299 0.3210
239.9782 0.3012
240.3265 0.2989
240.6516 0.2267
240.9999 0.3036
241.3482 0.3056
241.6965 0.2682
242.0448 0.2566
242.3931 0.3155
242.7414 0.2827
243.0897 0.3027
243.4380 0.2979
243.7863 0.3301
244.1346 0.3026
244.4829 0.2828
244.8080 0.2666
245.1563 0.2959
245.5046 0.2869
245.8529 0.2712
246.1780 0.2587
246.5263 0.3130
246.8746 0.2940
247.2229 0.2824
247.5712 0.3130
247.9195 0.3148
248.2678 0.2982
248.6161 0.3005
248.9644 0.3092
249.2894 0.3105
249.6377 0.3091
249.9860 0.3074
250.3343 0.2801
250.6826 0.3008
251.0309 0.2728
251.3792 0.2709
251.7043 0.2671
252.0526 0.2967
252.4009 0.2848
252.7492 0.2747
253.0975 0.2613
253.4226 0.2977
253.7709 0.2730
254.1192 0.2789
254.4675 0.2812
254.8158 0.2988
255.1641 0.3200
255.5124 0.2695
255.8607 0.2762
256.1858 0.3009
256.5341 0.2654
256.8824 0.2695
257.2307 0.2900
257.5790 0.3166
257.9273 0.2959
258.2756 0.3103
258.6239 0.2443
258.9489 0.3196
259.2972 0.3098
259.6455 0.3082
259.9706 0.3029
260.3189 0.3217
260.6672 0.3240
261.0155 0.3035
261.3638 0.2875
261.7121 0.3292
262.0604 0.3219
262.4087 0.3052
262.7570 0.3110
263.1053 0.2857
263.4536 0.2922
263.8019 0.3091
264.1270 0.3114
264.4521 0.3098
264.8004 0.3139
265.1487 0.2774
265.4970 0.2958
265.8453 0.3235
266.1936 0.3149
266.5419 0.2891
266.8902 0.2967
267.2152 0.3071
267.5635 0.2625
267.9118 0.2947
268.2601 0.2842
268.5852 0.2715
268.9103 0.2167
269.2586 0.2637
269.6069 0.3289
269.9552 0.2782
270.3035 0.2707
270.6518 0.2446
271.0001 0.2611
271.3484 0.2634
271.6967 0.2758
272.0450 0.2529
272.3933 0.2929
272.7416 0.2596
273.0899 0.2618
273.4382 0.2546
273.7865 0.3026
274.1348 0.3553
274.4831 0.3422
274.8314 0.3357
275.1797 0.3200
275.5280 0.2471
275.8763 0.2780
276.2246 0.3095
276.5729 0.3660
276.9212 0.3739
277.2695 0.3565
277.6178 0.3023
277.9893 0.2787
278.3376 0.2570
